1 0.311667 0.713457 0.103333 0.401392
1 0.908333 0.711137 0.100000 0.415313
1 0.108333 0.703016 0.106667 0.426914
1 0.525000 0.715777 0.083333 0.396752
1 0.900000 0.287703 0.090000 0.399072
1 0.808333 0.712297 0.093333 0.408353
1 0.705833 0.279582 0.095000 0.419954
1 0.419167 0.709977 0.108333 0.412993
1 0.805000 0.288863 0.090000 0.410673
1 0.615833 0.706497 0.105000 0.419954
1 0.715000 0.705336 0.100000 0.422274
1 0.599167 0.273782 0.098333 0.436195
1 0.505833 0.292343 0.081667 0.389791
1 0.217500 0.291183 0.088333 0.406032
0 0.898333 0.122970 0.033333 0.060325
1 0.112500 0.277262 0.125000 0.424594
0 0.710833 0.110209 0.038333 0.071926
1 0.210000 0.705336 0.083333 0.412993
0 0.812500 0.540603 0.031667 0.055684
0 0.910000 0.539443 0.033333 0.058005
0 0.715000 0.531322 0.033333 0.064965
0 0.805000 0.119490 0.033333 0.062645
0 0.410833 0.105568 0.035000 0.058005
0 0.218333 0.122970 0.033333 0.060325
0 0.502500 0.132251 0.035000 0.060325
0 0.620000 0.532483 0.033333 0.062645
1 0.419167 0.280742 0.098333 0.422274
0 0.415000 0.541763 0.036667 0.062645
0 0.316667 0.129930 0.033333 0.055684
0 0.106667 0.525522 0.033333 0.058005
0 0.307500 0.548724 0.035000 0.062645
0 0.119167 0.099768 0.031667 0.060325
0 0.520833 0.556845 0.038333 0.064965
0 0.218333 0.529002 0.030000 0.051044
1 0.320833 0.294664 0.095000 0.394432
0 0.594167 0.099768 0.035000 0.064965
