1 0.129630 0.490338 0.185185 0.642512
1 0.275720 0.596618 0.213992 0.739130
1 0.557613 0.618357 0.185185 0.647343
1 0.419753 0.623188 0.181070 0.685990
1 0.858025 0.536232 0.185185 0.618357
1 0.654321 0.553140 0.148148 0.661836
1 0.757202 0.584541 0.172840 0.628019
0 0.423868 0.347826 0.074074 0.115942
0 0.137860 0.231884 0.069959 0.106280
0 0.537037 0.077295 0.053498 0.086957
0 0.884774 0.285024 0.065844 0.096618
0 0.569959 0.364734 0.078189 0.120773
0 0.277778 0.306763 0.086420 0.140097
0 0.689300 0.120773 0.053498 0.086957
1 0.520576 0.306763 0.135802 0.256039
0 0.644033 0.285024 0.069959 0.106280
0 0.810700 0.210145 0.057613 0.091787
1 0.679012 0.171498 0.148148 0.198068
0 0.456790 0.111111 0.049383 0.077295
0 0.343621 0.082126 0.053498 0.086957
0 0.187243 0.089372 0.061728 0.091787
1 0.265432 0.241546 0.168724 0.289855
0 0.771605 0.323671 0.061728 0.096618
0 0.522634 0.229469 0.057613 0.091787
